  INPUT MOMENT TENSOR
  0.1000000E+23  0.0000000E+00  0.0000000E+00
  0.0000000E+00  0.0000000E+00  0.0000000E+00
  0.0000000E+00  0.0000000E+00  0.0000000E+00
  
  EIGENVALUES                EIGENVECTORS
  0.0000000E+00    0.0000000  1.0000000  0.0000000
  0.0000000E+00    0.0000000  0.0000000  1.0000000
  0.1000000E+23    1.0000000  0.0000000  0.0000000

  SEISMIC MOMENT OF THE INPUT MOMENT TENSOR:   0.7071068E+22
  
  ISOTROPIC COMPONENT (TRACE OF MOMENT TENSOR):   0.1000000E+23
  
  INPUT MOMENT TENSOR IS PARTIALLY DUE TO AN EXPLOSION
  EIGENVALUES OF THE PURELY DEVIATORIC MOMENT TENSOR
 -0.3333333E+22 -0.3333333E+22  0.6666667E+22
  
  EPSILON    % OF CLVD     % OF DC
  0.500000  100.000000    0.000000
  
  --------------------------------------------------------------
  
  DECOMPOSITION INTO MAJOR AND MINOR DOUBLE COUPLE
  
  SEISMIC MOMENT OF ISOTROPIC PART, MAJOR, AND MINOR COUPLE
  0.3333333E+22  0.6666667E+22  0.3333333E+22
  
  EIGENVALUES AND EIGENVECTORS OF THE MAJOR DC
  0.0000000E+00    0.0000000  1.0000000  0.0000000
 -0.6666667E+22    0.0000000  0.0000000  1.0000000
  0.6666667E+22    1.0000000  0.0000000  0.0000000

  NODAL PLANES 
   STK=   90.00000
   DIP=   44.99752
  SLIP=  -90.00000
   OR
   STK=  270.00000
   DIP=   45.00248
  SLIP=  -90.00000
  
            X-DIR          Y-DIR          Z-DIR
  X:      -0.7071068      0.0000000      0.7071068
  Y:       0.7071067      0.0000000      0.7071068
  Z:       0.0000000      0.9999999      0.0000000
  T:      -1.0000000      0.0000000      0.0000000
  P:       0.0000000      0.0000000      1.0000000
  
        TREND       PLUNGE
  X    179.98510    44.99752
  Y    359.97807    44.99752
  Z     89.98655     0.00000
  T    179.98159     0.00000
  P    269.98831    90.00000
  
  EIGENVALUES AND EIGENVECTORS OF THE MINOR DC
 -0.3333333E+22    0.0000000  1.0000000  0.0000000
  0.3333333E+22    0.0000000  0.0000000  1.0000000
  0.0000000E+00    1.0000000  0.0000000  0.0000000

  NODAL PLANES 
   STK=  180.00000
   DIP=   44.99752
  SLIP=   90.00000
   OR
   STK=  360.00000
   DIP=   45.00248
  SLIP=   90.00000
  
            X-DIR          Y-DIR          Z-DIR
  X:       0.0000000      0.7071068      0.7071068
  Y:       0.0000000     -0.7071067      0.7071068
  Z:       1.0000000      0.0000000      0.0000000
  T:       0.0000000      0.0000000      1.0000000
  P:       0.0000000      1.0000000      0.0000000
  
        TREND       PLUNGE
  X     89.99212    44.99752
  Y    269.98510    44.99752
  Z    359.98364     0.00000
  T    179.98758    90.00000
  P     89.98861     0.00000
  
  --------------------------------------------------------------
  
  DECOMPOSITION INTO THREE DOUBLE COUPLES
  
  SEISMIC MOMENTS OF ISOTROPIC PART, EMT1, EMT2, EMT3
  0.3333333E+22 -0.0000000E+00  0.3333333E+22  0.3333333E+22
  
  EMT1
 -0.0000000E+00 -0.0000000E+00 -0.0000000E+00
 -0.0000000E+00 -0.1000000E+01 -0.0000000E+00
 -0.0000000E+00 -0.0000000E+00  0.1000000E+01
  
  
  EIGENVALUES                EIGENVECTORS
 -0.1000000E+01    0.0000000  1.0000000  0.0000000
  0.0000000E+00    1.0000000  0.0000000  0.0000000
  0.1000000E+01    0.0000000  0.0000000  1.0000000

  NODAL PLANES 
   STK=  180.00000
   DIP=   44.99752
  SLIP=   90.00000
   OR
   STK=  360.00000
   DIP=   45.00248
  SLIP=   90.00000
  
            X-DIR          Y-DIR          Z-DIR
  X:       0.0000000      0.7071068      0.7071068
  Y:       0.0000000     -0.7071067      0.7071068
  Z:       1.0000000      0.0000000      0.0000000
  T:       0.0000000      0.0000000      1.0000000
  P:       0.0000000      1.0000000      0.0000000
  
        TREND       PLUNGE
  X     89.99212    44.99752
  Y    269.98510    44.99752
  Z    359.98364     0.00000
  T    179.98758    90.00000
  P     89.98861     0.00000
  
  EMT2
  0.1000000E+01 -0.0000000E+00 -0.0000000E+00
 -0.0000000E+00 -0.0000000E+00 -0.0000000E+00
 -0.0000000E+00 -0.0000000E+00 -0.1000000E+01
  
  
  EIGENVALUES                EIGENVECTORS
 -0.1000000E+01    0.0000000  0.0000000  1.0000000
  0.0000000E+00    0.0000000  1.0000000  0.0000000
  0.1000000E+01    1.0000000  0.0000000  0.0000000

  NODAL PLANES 
   STK=   90.00000
   DIP=   44.99752
  SLIP=  -90.00000
   OR
   STK=  270.00000
   DIP=   45.00248
  SLIP=  -90.00000
  
            X-DIR          Y-DIR          Z-DIR
  X:      -0.7071068      0.0000000      0.7071068
  Y:       0.7071067      0.0000000      0.7071068
  Z:       0.0000000      0.9999999      0.0000000
  T:      -1.0000000      0.0000000      0.0000000
  P:       0.0000000      0.0000000      1.0000000
  
        TREND       PLUNGE
  X    179.98510    44.99752
  Y    359.97807    44.99752
  Z     89.98655     0.00000
  T    179.98159     0.00000
  P    269.98831    90.00000
  
  EMT3
  0.1000000E+01  0.0000000E+00  0.0000000E+00
  0.0000000E+00 -0.1000000E+01  0.0000000E+00
  0.0000000E+00  0.0000000E+00  0.0000000E+00
  
  
  EIGENVALUES                EIGENVECTORS
 -0.1000000E+01    0.0000000  1.0000000  0.0000000
  0.0000000E+00    0.0000000  0.0000000  1.0000000
  0.1000000E+01    1.0000000  0.0000000  0.0000000

  NODAL PLANES 
   STK=   45.00000
   DIP=   90.00000
  SLIP=  179.99298
   OR
   STK=  135.00000
   DIP=   89.99298
  SLIP=    0.00000
  
            X-DIR          Y-DIR          Z-DIR
  X:       0.7071987      0.7070148      0.0000000
  Y:      -0.7070148      0.7071987      0.0000000
  Z:       0.0000000      0.0000000      1.0000000
  T:       1.0000000      0.0000000      0.0000000
  P:       0.0000000      1.0000000      0.0000000
  
        TREND       PLUNGE
  X     44.99503     0.00000
  Y    134.99007     0.00000
  Z    224.99503    89.98801
  T    359.99255     0.00000
  P     89.99752     0.00000
  
  --------------------------------------------------------------
  
  DECOMPOSITION INTO THREE VECTOR DIPOLES
  
  SEISMIC MOMENTS OF ISOTROPIC PART, EMT1, EMT2, EMT3
  0.3333333E+22  0.3333333E+22  0.3333333E+22  0.6666667E+22
  
            DIPOLE AXES
  0.0000000  1.0000000  0.0000000
  0.0000000  0.0000000  1.0000000
  0.0000000  1.0000000  0.0000000
  0.0000000  0.0000000  1.0000000
  1.0000000  0.0000000  0.0000000
  
  --------------------------------------------------------------
  
  DECOMPOSITION INTO THREE COMPENSATED LINEAR VECTOR DIPOLES
  
  SEISMIC MOMENTS OF ISOTROPIC PART, EMT1, EMT2, EMT3
  0.3333333E+22  0.0000000E+00  0.0000000E+00  0.5773502E+22
  
  EIGENVALUE          AXES OF CLVD
        2    0.0000000  1.0000000  0.0000000
       -1    0.0000000  0.0000000  1.0000000
       -1    1.0000000  0.0000000  0.0000000
  
  EIGENVALUE          AXES OF CLVD
       -1    0.0000000  1.0000000  0.0000000
        2    0.0000000  0.0000000  1.0000000
       -1    1.0000000  0.0000000  0.0000000
  
  EIGENVALUE          AXES OF CLVD
       -1    0.0000000  1.0000000  0.0000000
       -1    0.0000000  0.0000000  1.0000000
        2    1.0000000  0.0000000  0.0000000
  
  --------------------------------------------------------------
  
  DECOMPOSITION INTO A DOUBLE COUPLE AND A CLVD
  
  SEISMIC MOMENTS OF ISOTROPIC PART, DC, CLVD
  0.3333333E+22  0.0000000E+00  0.3333333E+22
  
  EIGENVALUES AND EIGENVECTORS OF THE DC
  0.0000000E+00    0.0000000  1.0000000  0.0000000
 -0.6666667E+22    0.0000000  0.0000000  1.0000000
  0.6666667E+22    1.0000000  0.0000000  0.0000000

  NODAL PLANES 
   STK=   90.00000
   DIP=   44.99752
  SLIP=  -90.00000
   OR
   STK=  270.00000
   DIP=   45.00248
  SLIP=  -90.00000
  
            X-DIR          Y-DIR          Z-DIR
  X:      -0.7071068      0.0000000      0.7071068
  Y:       0.7071067      0.0000000      0.7071068
  Z:       0.0000000      0.9999999      0.0000000
  T:      -1.0000000      0.0000000      0.0000000
  P:       0.0000000      0.0000000      1.0000000
  
        TREND       PLUNGE
  X    179.98510    44.99752
  Y    359.97807    44.99752
  Z     89.98655     0.00000
  T    179.98159     0.00000
  P    269.98831    90.00000
  
  EIGENVALUE          AXES OF CLVD
       -1    0.0000000  1.0000000  0.0000000
       -1    0.0000000  0.0000000  1.0000000
        2    1.0000000  0.0000000  0.0000000
